48
48	70	20
54.8	70	16.67
61.6	70	13.34
68.4	70	10.01
75.2	70	6.68
82	70	3.35
88.8	70	0.02
95.6	70	-3.31
102.4	70	-6.64
109.2	70	-9.97
116	70	-13.3
122.8	70	-16.63
129.6	70	-19.96
136.4	70	-23.29
143.2	70	-26.62
150	70	-29.95
150.06	70	-30
150.12	70	-30
150.18	70	-30
150.24	70	-30
150.3	70	-30
150.36	70	-30
150.42	70	-30
150.48	70	-30
150.54	70	-30
150.6	70	-30
150.66	70	-30
150.72	70	-30
150.78	70	-30
150.84	70	-30
150.9	70	-30
150.96	70	-30
151.02	60.8	-24.67
151.08	51.6	-19.34
151.14	42.4	-14.01
151.2	33.2	-8.68
151.26	24	-3.35
151.32	14.8	1.98
151.38	5.6	7.31
151.44	-3.6	12.64
151.5	-12.8	17.97
151.56	-22	23.3
151.62	-31.2	28.63
151.68	-40.4	33.96
151.74	-49.6	39.29
151.8	-58.8	44.62
151.86	-68	49.95
151.92	-77.2	55.28

