    0.18092E+01    0.98608E+00    0.27916E+01    0.17629E+01    0.20530E+01   -0.30727E+00    0.25346E+01
    0.17782E+01    0.98734E+00    0.27943E+01    0.17797E+01    0.20562E+01   -0.29669E+00    0.25773E+01
    0.17522E+01    0.98769E+00    0.27843E+01    0.18098E+01    0.20567E+01   -0.28106E+00    0.26100E+01
    0.17395E+01    0.98850E+00    0.27719E+01    0.18425E+01    0.20640E+01   -0.26608E+00    0.26244E+01
    0.17340E+01    0.98848E+00    0.27595E+01    0.18797E+01    0.20677E+01   -0.25107E+00    0.26384E+01
    0.17288E+01    0.98921E+00    0.27478E+01    0.19144E+01    0.20706E+01   -0.23778E+00    0.26465E+01
    0.17242E+01    0.98937E+00    0.27358E+01    0.19501E+01    0.20721E+01   -0.22501E+00    0.26537E+01
    0.17204E+01    0.98978E+00    0.27235E+01    0.19862E+01    0.20734E+01   -0.21225E+00    0.26648E+01
    0.17180E+01    0.99062E+00    0.27112E+01    0.20218E+01    0.20755E+01   -0.19977E+00    0.26784E+01
    0.17147E+01    0.99128E+00    0.27013E+01    0.20525E+01    0.20766E+01   -0.18888E+00    0.26855E+01
    0.17111E+01    0.99155E+00    0.26905E+01    0.20860E+01    0.20790E+01   -0.17698E+00    0.26898E+01
    0.17100E+01    0.99135E+00    0.26793E+01    0.21210E+01    0.20818E+01   -0.16484E+00    0.26947E+01
    0.17077E+01    0.99168E+00    0.26698E+01    0.21525E+01    0.20828E+01   -0.15401E+00    0.26999E+01
    0.17049E+01    0.99206E+00    0.26596E+01    0.21853E+01    0.20838E+01   -0.14248E+00    0.27030E+01
    0.17024E+01    0.99237E+00    0.26478E+01    0.22185E+01    0.20861E+01   -0.13127E+00    0.27070E+01
    0.16990E+01    0.99383E+00    0.26361E+01    0.22510E+01    0.20872E+01   -0.12041E+00    0.27137E+01
    0.16949E+01    0.99517E+00    0.26241E+01    0.22833E+01    0.20871E+01   -0.10915E+00    0.27180E+01
    0.16935E+01    0.99477E+00    0.26117E+01    0.23171E+01    0.20876E+01   -0.97560E-01    0.27183E+01
    0.16904E+01    0.99410E+00    0.25992E+01    0.23504E+01    0.20900E+01   -0.87048E-01    0.27164E+01
    0.16854E+01    0.99439E+00    0.25839E+01    0.23839E+01    0.20912E+01   -0.76360E-01    0.27150E+01
    0.16766E+01    0.99550E+00    0.25643E+01    0.24169E+01    0.20921E+01   -0.64887E-01    0.27091E+01
    0.16667E+01    0.99632E+00    0.25401E+01    0.24493E+01    0.20927E+01   -0.53466E-01    0.26972E+01
    0.16568E+01    0.99756E+00    0.25104E+01    0.24764E+01    0.20924E+01   -0.42566E-01    0.26878E+01
    0.16463E+01    0.99906E+00    0.24770E+01    0.24982E+01    0.20932E+01   -0.31938E-01    0.26768E+01
    0.16373E+01    0.99998E+00    0.24435E+01    0.25152E+01    0.20931E+01   -0.21999E-01    0.26702E+01
    0.16283E+01    0.10017E+01    0.24097E+01    0.25297E+01    0.20925E+01   -0.11955E-01    0.26663E+01
    0.16207E+01    0.10032E+01    0.23758E+01    0.25418E+01    0.20931E+01   -0.18013E-02    0.26575E+01
    0.16156E+01    0.10035E+01    0.23414E+01    0.25539E+01    0.20920E+01    0.90774E-02    0.26456E+01
    0.16093E+01    0.10049E+01    0.23084E+01    0.25642E+01    0.20919E+01    0.19169E-01    0.26401E+01
    0.15978E+01    0.10072E+01    0.22759E+01    0.25765E+01    0.20900E+01    0.28912E-01    0.26272E+01
    0.15873E+01    0.10097E+01    0.22437E+01    0.25885E+01    0.20881E+01    0.39099E-01    0.26153E+01
    0.15762E+01    0.10120E+01    0.22119E+01    0.26005E+01    0.20888E+01    0.48941E-01    0.26054E+01
    0.15642E+01    0.10150E+01    0.21795E+01    0.26109E+01    0.20881E+01    0.58729E-01    0.25928E+01
    0.15508E+01    0.10189E+01    0.21478E+01    0.26214E+01    0.20876E+01    0.68063E-01    0.25823E+01
    0.15358E+01    0.10240E+01    0.21164E+01    0.26314E+01    0.20881E+01    0.78381E-01    0.25716E+01
    0.15187E+01    0.10296E+01    0.20854E+01    0.26410E+01    0.20874E+01    0.88698E-01    0.25635E+01
    0.14984E+01    0.10375E+01    0.20550E+01    0.26510E+01    0.20872E+01    0.99457E-01    0.25546E+01
    0.14734E+01    0.10477E+01    0.20244E+01    0.26627E+01    0.20878E+01    0.11076E+00    0.25446E+01
    0.14413E+01    0.10623E+01    0.19963E+01    0.26739E+01    0.20885E+01    0.12163E+00    0.25369E+01
    0.14004E+01    0.10845E+01    0.19709E+01    0.26842E+01    0.20885E+01    0.13277E+00    0.25336E+01
    0.13538E+01    0.11143E+01    0.19487E+01    0.26945E+01    0.20882E+01    0.14324E+00    0.25297E+01
    0.12997E+01    0.11545E+01    0.19288E+01    0.27041E+01    0.20873E+01    0.15306E+00    0.25248E+01
    0.12428E+01    0.12039E+01    0.19099E+01    0.27133E+01    0.20864E+01    0.16263E+00    0.25258E+01
    0.11854E+01    0.12606E+01    0.18887E+01    0.27252E+01    0.20843E+01    0.17392E+00    0.25325E+01
    0.11345E+01    0.13186E+01    0.18654E+01    0.27379E+01    0.20823E+01    0.18608E+00    0.25348E+01
    0.10917E+01    0.13758E+01    0.18383E+01    0.27557E+01    0.20808E+01    0.20041E+00    0.25303E+01
    0.10628E+01    0.14252E+01    0.18126E+01    0.27760E+01    0.20789E+01    0.21463E+00    0.25185E+01
    0.10437E+01    0.14686E+01    0.17890E+01    0.27990E+01    0.20790E+01    0.22841E+00    0.24990E+01
    0.10316E+01    0.15062E+01    0.17707E+01    0.28233E+01    0.20807E+01    0.24041E+00    0.24749E+01
    0.10245E+01    0.15389E+01    0.17579E+01    0.28482E+01    0.20839E+01    0.25030E+00    0.24450E+01
    0.10196E+01    0.15679E+01    0.17488E+01    0.28726E+01    0.20888E+01    0.25784E+00    0.24113E+01
    0.10152E+01    0.15964E+01    0.17419E+01    0.28973E+01    0.20955E+01    0.26395E+00    0.23743E+01
    0.10113E+01    0.16230E+01    0.17369E+01    0.29212E+01    0.21025E+01    0.26878E+00    0.23321E+01
    0.10082E+01    0.16497E+01    0.17322E+01    0.29445E+01    0.21090E+01    0.27334E+00    0.22840E+01
    0.10056E+01    0.16787E+01    0.17272E+01    0.29661E+01    0.21146E+01    0.27809E+00    0.22322E+01
    0.10035E+01    0.17121E+01    0.17220E+01    0.29861E+01    0.21195E+01    0.28256E+00    0.21792E+01
    0.10020E+01    0.17504E+01    0.17180E+01    0.30036E+01    0.21235E+01    0.28612E+00    0.21271E+01
    0.10002E+01    0.17938E+01    0.17143E+01    0.30184E+01    0.21270E+01    0.28975E+00    0.20749E+01
    0.99848E+00    0.18383E+01    0.17102E+01    0.30314E+01    0.21318E+01    0.29327E+00    0.20236E+01
    0.99809E+00    0.18849E+01    0.17065E+01    0.30434E+01    0.21385E+01    0.29602E+00    0.19701E+01
    0.99880E+00    0.19344E+01    0.17027E+01    0.30528E+01    0.21443E+01    0.29875E+00    0.19174E+01
    0.10006E+01    0.19829E+01    0.16985E+01    0.30606E+01    0.21490E+01    0.30206E+00    0.18653E+01
    0.10033E+01    0.20306E+01    0.16940E+01    0.30689E+01    0.21543E+01    0.30621E+00    0.18128E+01
    0.10073E+01    0.20813E+01    0.16902E+01    0.30786E+01    0.21607E+01    0.31008E+00    0.17592E+01
    0.10122E+01    0.21289E+01    0.16874E+01    0.30884E+01    0.21681E+01    0.31275E+00    0.17090E+01
    0.10178E+01    0.21796E+01    0.16844E+01    0.30972E+01    0.21747E+01    0.31550E+00    0.16596E+01
    0.10250E+01    0.22292E+01    0.16820E+01    0.31048E+01    0.21803E+01    0.31817E+00    0.16115E+01
    0.10350E+01    0.22760E+01    0.16793E+01    0.31124E+01    0.21856E+01    0.32096E+00    0.15610E+01
    0.10491E+01    0.23145E+01    0.16765E+01    0.31200E+01    0.21896E+01    0.32369E+00    0.15097E+01
    0.10714E+01    0.23462E+01    0.16741E+01    0.31260E+01    0.21941E+01    0.32633E+00    0.14514E+01
    0.11011E+01    0.23651E+01    0.16719E+01    0.31310E+01    0.21997E+01    0.32834E+00    0.13904E+01
    0.11401E+01    0.23720E+01    0.16698E+01    0.31353E+01    0.22041E+01    0.32987E+00    0.13283E+01
    0.11893E+01    0.23656E+01    0.16674E+01    0.31383E+01    0.22072E+01    0.33142E+00    0.12648E+01
    0.12528E+01    0.23576E+01    0.16656E+01    0.31402E+01    0.22106E+01    0.33328E+00    0.11944E+01
    0.13371E+01    0.23541E+01    0.16617E+01    0.31414E+01    0.22158E+01    0.33800E+00    0.11174E+01
    0.14259E+01    0.23514E+01    0.16576E+01    0.31423E+01    0.22204E+01    0.34575E+00    0.10556E+01
    0.14932E+01    0.23511E+01    0.16538E+01    0.31419E+01    0.22255E+01    0.35420E+00    0.10242E+01
    0.15474E+01    0.23613E+01    0.16509E+01    0.31420E+01    0.22318E+01    0.36270E+00    0.10089E+01
    0.15961E+01    0.23816E+01    0.16476E+01    0.31441E+01    0.22354E+01    0.37220E+00    0.99861E+00
    0.16435E+01    0.23970E+01    0.16408E+01    0.31487E+01    0.22287E+01    0.38489E+00    0.99362E+00
